                             SepalLength  SepalWidth  PetalLength  PetalWidth
Species                                                                      
Iris-setosa     SepalLength     1.000000    0.746780     0.263874    0.279092
                SepalWidth      0.746780    1.000000     0.176695    0.279973
                PetalLength     0.263874    0.176695     1.000000    0.306308
                PetalWidth      0.279092    0.279973     0.306308    1.000000
Iris-versicolor SepalLength     1.000000    0.525911     0.754049    0.546461
                SepalWidth      0.525911    1.000000     0.560522    0.663999
                PetalLength     0.754049    0.560522     1.000000    0.786668
                PetalWidth      0.546461    0.663999     0.786668    1.000000
Iris-virginica  SepalLength     1.000000    0.457228     0.864225    0.281108
                SepalWidth      0.457228    1.000000     0.401045    0.537728
                PetalLength     0.864225    0.401045     1.000000    0.322108
                PetalWidth      0.281108    0.537728     0.322108    1.000000
             SepalLength  SepalWidth  PetalLength  PetalWidth
SepalLength     1.000000   -0.109369     0.871754    0.817954
SepalWidth     -0.109369    1.000000    -0.420516   -0.356544
PetalLength     0.871754   -0.420516     1.000000    0.962757
PetalWidth      0.817954   -0.356544     0.962757    1.000000
